    0.071199     0.038684     0.033414     0.043298     0.046573     0.000330     0.028364     0.038333     0.036189     0.030793     0.026086     0.002466    -0.008604     0.023787     0.014119     0.031289     0.056130     0.016955
    0.038684     0.123054     0.057161     0.040149     0.037207     0.011010     0.033831     0.032959     0.060469     0.050694     0.030458     0.015882     0.004213     0.038391     0.028786     0.049316     0.043716     0.029063
    0.033414     0.057161     0.148440     0.036315     0.034261     0.008962     0.028969     0.029059     0.061102     0.051556     0.028285     0.015777     0.005155     0.033629     0.024427     0.046950     0.040293     0.025400
    0.043298     0.040149     0.036315     0.088650     0.049827     0.007571     0.031831     0.037983     0.038811     0.034121     0.029449     0.012301     0.000043     0.031272     0.022019     0.036702     0.048901     0.024114
    0.046573     0.037207     0.034261     0.049827     0.175351     0.004454     0.029509     0.042527     0.037337     0.033416     0.027926     0.006179    -0.006512     0.028904     0.019530     0.036771     0.052632     0.020868
    0.000330     0.011010     0.008962     0.007571     0.004454     0.141173     0.018109     0.007830     0.010594     0.012770     0.033634     0.027888     0.017670     0.022988     0.029849     0.018310     0.005505     0.034285
    0.028364     0.033831     0.028969     0.031831     0.029509     0.018109     0.075724     0.027008     0.031202     0.029671     0.026088     0.021617     0.009649     0.041573     0.031717     0.035746     0.032072     0.034268
    0.038333     0.032959     0.029059     0.037983     0.042527     0.007830     0.027008     0.068893     0.032538     0.027752     0.026323     0.008170    -0.002567     0.024684     0.018004     0.030168     0.044021     0.020141
    0.036189     0.060469     0.061102     0.038811     0.037337     0.010594     0.031202     0.032538     0.117369     0.051343     0.030449     0.014115     0.003604     0.035755     0.024222     0.048096     0.043374     0.025085
    0.030793     0.050694     0.051556     0.034121     0.033416     0.012770     0.029671     0.027752     0.051343     0.088066     0.027246     0.020285     0.010431     0.033638     0.025631     0.043757     0.036442     0.027343
    0.026086     0.030458     0.028285     0.029449     0.027926     0.033634     0.026088     0.026323     0.030449     0.027246     0.065809     0.017015     0.006404     0.025315     0.023115     0.029521     0.032627     0.025080
    0.002466     0.015882     0.015777     0.012301     0.006179     0.027888     0.021617     0.008170     0.014115     0.020285     0.017015     0.077187     0.055591     0.028455     0.033509     0.022913     0.007038     0.030927
   -0.008604     0.004213     0.005155     0.000043    -0.006512     0.017670     0.009649    -0.002567     0.003604     0.010431     0.006404     0.055591     0.142659     0.015215     0.023674     0.010978    -0.005071     0.019801
    0.023787     0.038391     0.033629     0.031272     0.028904     0.022988     0.041573     0.024684     0.035755     0.033638     0.025315     0.028455     0.015215     0.229815     0.042924     0.042617     0.026129     0.045138
    0.014119     0.028786     0.024427     0.022019     0.019530     0.029849     0.031717     0.018004     0.024222     0.025631     0.023115     0.033509     0.023674     0.042924     0.145981     0.031758     0.018230     0.036605
    0.031289     0.049316     0.046950     0.036702     0.036771     0.018310     0.035746     0.030168     0.048096     0.043757     0.029521     0.022913     0.010978     0.042617     0.031758     0.164437     0.034934     0.033825
    0.056130     0.043716     0.040293     0.048901     0.052632     0.005505     0.032072     0.044021     0.043374     0.036442     0.032627     0.007038    -0.005071     0.026129     0.018230     0.034934     0.122896     0.019970
    0.016955     0.029063     0.025400     0.024114     0.020868     0.034285     0.034268     0.020141     0.025085     0.027343     0.025080     0.030927     0.019801     0.045138     0.036605     0.033825     0.019970     0.095273
